 5 1 4 398991.100403 209.100000
 10 5 4 260889.712070 212.900000
 13 0 6 256773.056953 102.500000
 15 3 6 376541.556560 187.500000
 19 3 6 646084.462168 128.400000
 11 2 7 520973.019770 163.400000
 9 7 8 334575.181854 152.700000
 11 2 9 494448.456884 189.700000
 11 7 9 455905.519031 139.700000
 12 11 9 584020.499139 103.800000
 19 12 14 380918.244322 25.800000
 19 15 6 621357.780890 127.000000
 18 9 17 120675.719395 161.500000
 11 7 8 9 551354.476901 188.900000
 18 9 7 8 410262.678641 195.300000
 18 9 7 17 362962.653463 200.100000
 11 2 7 9 702244.403073 228.300000
 19 15 3 6 673894.541515 204.700000
 19 15 6 12 933994.021772 129.700000
 18 9 7 8 17 454199.905758 249.300000
 19 15 3 6 12 986439.144269 207.400000
 18 17 46859.249343 96.600000
 15 3 52662.184582 154.000000
 16 2 62275.339140 181.200000
 16 1 75379.992816 130.900000
 18 9 75695.845659 107.500000
 14 19 80703.013104 23.100000
 0 13 93734.596329 69.000000
 8 7 95452.578153 87.800000
 5 10 102977.757453 121.400000
 4 5 165327.924913 170.800000
 6 0 170420.027286 33.500000
 13 4 179069.657491 160.500000
 5 1 234458.485677 117.600000
 11 9 235891.713091 101.100000
 9 7 242462.955754 103.500000
 2 11 258947.369736 124.800000
 19 12 313063.097808 19.900000
 15 19 314219.517055 93.500000
 3 6 327174.269263 111.200000
