20
0.458835 0.237324 100.000000
0.127064 0.350996 85.600000
0.154454 0.480822 74.700000
0.947403 0.144112 88.500000
0.286739 0.056589 91.300000
0.132689 0.116605 45.500000
0.627395 0.212214 50.600000
0.079488 0.797099 46.200000
0.032748 0.880325 61.900000
0.311055 0.868967 39.100000
0.091618 0.022172 48.200000
0.360071 0.638224 0.000000
0.719712 0.718167 66.000000
0.442442 0.145034 17.900000
0.998377 0.572987 73.300000
0.965492 0.193570 89.600000
0.160010 0.418795 51.000000
0.290945 0.962080 39.600000
0.333000 0.941412 14.200000
0.951259 0.507467 70.600000
