0.458835 0.237324 100.000000
0.127064 0.350996 100.000000
0.154454 0.480822 93.700000
0.947403 0.144112 97.500000
0.286739 0.056589 95.300000
0.132689 0.116605 49.500000
0.627395 0.212214 54.600000
0.079488 0.797099 65.200000
0.032748 0.880325 80.900000
0.311055 0.868967 58.100000
0.091618 0.022172 52.200000
0.360071 0.638224 18.700000
0.719712 0.718167 65.000000
0.442442 0.145034 21.900000
0.998377 0.572987 72.300000
0.965492 0.193570 88.600000
0.160010 0.418795 70.000000
0.290945 0.962080 58.600000
0.333000 0.941412 33.200000
0.951259 0.507467 69.600000
