0.458835 0.237324 100.000000
0.127064 0.350996 98.000000
0.154454 0.480822 91.700000
0.947403 0.144112 100.000000
0.286739 0.056589 100.000000
0.132689 0.116605 57.500000
0.627395 0.212214 62.600000
0.079488 0.797099 73.200000
0.032748 0.880325 88.900000
0.311055 0.868967 66.100000
0.091618 0.022172 60.200000
0.360071 0.638224 26.700000
0.719712 0.718167 63.000000
0.442442 0.145034 29.900000
0.998377 0.572987 80.300000
0.965492 0.193570 96.600000
0.160010 0.418795 68.000000
0.290945 0.962080 66.600000
0.333000 0.941412 41.200000
0.951259 0.507467 77.600000
