0.458835 0.237324 100.000000
0.127064 0.350996 96.600000
0.154454 0.480822 85.700000
0.947403 0.144112 99.500000
0.286739 0.056589 87.300000
0.132689 0.116605 41.500000
0.627395 0.212214 46.600000
0.079488 0.797099 57.200000
0.032748 0.880325 72.900000
0.311055 0.868967 50.100000
0.091618 0.022172 44.200000
0.360071 0.638224 10.700000
0.719712 0.718167 67.000000
0.442442 0.145034 13.900000
0.998377 0.572987 74.300000
0.965492 0.193570 90.600000
0.160010 0.418795 62.000000
0.290945 0.962080 50.600000
0.333000 0.941412 25.200000
0.951259 0.507467 71.600000
