V3

2
20
3.178044451086468 .C1F8F1CDE99C8x16
6
0 .0
Linux Superboy 5.15.167.4-microsoft-standard-WSL2 #1 SMP Tue Nov 5 00:21:55 UTC 2024 x86_64
0
33
	.3842570000000000	.2697800000000000	.BBA02x13	.83BA8x13	100.000000000000000
	.7279070000000000	.1163340000000000	.B1B63x14	.E337x11	78.600000000000009
	.9545800000000000	.4333600000000000	.E90D4x14	.D39Ax13	57.700000000000003
	.4406310000000000	.3723470000000000	.D726Ex13	.B5CF6x13	91.500000000000000
	.4361580000000000	.0674840000000000	.D4F7Cx13	.83CEx11	69.299999999999997
	.0513820000000000	.8572080000000000	.C8B6x10	.D1478x14	33.500000000000000
	.8563380000000000	.9715680000000000	.D1112x14	.ED33x14	68.600000000000009
	.9240140000000000	.8912290000000000	.E196Ex14	.D995Dx14	79.200000000000003
	.9781310000000000	.3983180000000000	.EECD3x14	.C27DCx13	44.900000000000006
	.0416800000000000	.5578990000000000	.A2Dx10	.8834Bx14	42.100000000000001
	.5794630000000000	.8017970000000000	.8D787x14	.C3C05x14	76.200000000000003
	.3497180000000000	.5568900000000000	.AAC2Cx13	.87F5Ax14	42.700000000000003
	.8842940000000000	.7118950000000000	.D7E46x14	.ADCD7x14	89.000000000000000
	.2977000000000000	.4177820000000000	.915C8x13	.CBFECx13	45.900000000000006
	.4743430000000000	.1964660000000000	.E79CEx13	.BFDC8x12	66.299999999999997
	.0672320000000000	.3431750000000000	.835x11	.A790Ex13	70.000000000000000
	.7338910000000000	.0652110000000000	.B32C3x14	.FEBBx10	44.000000000000000
	.7078420000000000	.7901840000000000	.ACD02x14	.C0EA8x14	82.600000000000009
	.8371640000000000	.8381500000000000	.CC62Cx14	.CCA06x14	57.200000000000003
	.1525670000000000	.9847260000000000	.94FDCx12	.F0696x14	53.600000000000001
	 1 1 1 1 1 1 1 1 1 1
	 1 1 1 1 1 1 1 1 1 1
	3
	14 4 1
	.2502447429044293	.F4612F8BBF05x12
	1
	.3920981062970133	.3502931354059620	.BF744366C8FE8x13	.AB0AA4553EE25x13	.0
	3
		1	-1
		-1	2
		-1	3
	1
	0
	3
	15 1 4
	.2297650955740378	.E061461DE291B8x12
	1
	.4068140150900659	.2741626365990862	.C6A3C07B9E2978x13	.85DE545F050C08x13	.0
	3
		1	-1
		-1	2
		-1	3
	1
	0
	3
	15 5 1
	.2501509891134362	.F449BF4DA27138x12
	1
	.4655136510975218	.1937809343791755	.E34D34D5CA786x13	.BD3D3BCCDE504x12	.0
	3
		1	-1
		-1	2
		-1	3
	1
	0
	3
	15 2 5
	.3874324441854557	.BD2D0E36C46ACx13
	1
	.4956297182035180	.1457707820199814	.F201B6FB85F1B8x13	.8E5AB20C9D895x12	.0
	3
		1	-1
		-1	2
		-1	3
	1
	0
	3
	19 7 8
	.1951626621745283	.BE96AA611145Ex12
	1
	.8849565161825756	.8973538477464845	.D80DC84248A91x14	.DB149D905E9E28x14	.0
	3
		1	-1
		-1	2
		-1	3
	1
	0
	3
	14 12 4
	.2862998398292792	.8BCB7ADFE1A718x13
	1
	.3415152765026565	.4391656047966788	.A6C168D91C196x13	.D66FB35A7E909x13	.0
	3
		1	-1
		-1	2
		-1	3
	1
	0
	3
	19 8 13
	.2333568063803968	.E3E3339BBC8628x12
	1
	.8582560983599133	.8314146438502487	.D1890192E1D83x14	.CAFB6A4D35EB2x14	.0
	3
		1	-1
		-1	2
		-1	3
	1
	0
	3
	16 10 14
	.4293319640103704	.D1A27ED92C46Cx13
	1
	.1155595425914978	.4222915074628269	.E1B3C573A3612x11	.CE32703D22AEBx13	.0
	3
		1	-1
		-1	2
		-1	3
	1
	0
	3
	17 15 2
	.3171767342549762	.9ADF177F044ACx13
	1
	.7241459082329730	.1130035582145066	.B0CB1E881F4C48x14	.DCB5C77392AD2x11	.0
	3
		1	-1
		-1	2
		-1	3
	1
	0
	3
	19 13 18
	.2634789575329603	.80A6DEA41C29B8x13
	1
	.8203907798186037	.8011949073196979	.C84A6C7A23128x14	.C39AAE8461A8D8x14	.0
	3
		1	-1
		-1	2
		-1	3
	1
	0
	4
	14 12 4 1
	.3955971759095038	.C129A5A10CF7Cx13
	2
	.3241625406835615	.4268335308293985	.9E48514D479CDx13	.D06A30FC8DEF5x13	.0
	.4018011059895564	.3590652071842353	.C43123644435Dx13	.AF5326A140D56x13	.0
	5
		1	-1
		-1	2
		-1	-2
		-2	3
		-2	4
	1
	0
	4
	16 10 12 14
	.5758477742916821	.8C967C637FACC8x14
	2
	.1170083597916014	.4343994838915881	.E4882E0DA6B4Ex11	.D41BEF7C0A364x13	.0
	.2850925238257675	.4384517346281478	.8B3490C32E419x13	.D616778212E3B8x13	.0
	5
		1	-1
		-1	2
		-1	-2
		-2	3
		-2	4
	1
	0
	4
	17 5 15 2
	.4371185479688910	.D56FD188F60E48x13
	2
	.7186941809113959	.1049952435126827	.AF7662E503591x14	.CD119F2B6C706x11	.0
	.4956451736437343	.1406983516092058	.F203A58E7D4Ex13	.89669680C3E61x12	.0
	5
		1	-1
		-1	-2
		-2	2
		-2	3
		-1	4
	1
	0
	5
	15 1 14 12 4
	.5116920252430451	.F9D980CECA80Bx13
	3
	.3876327761095305	.2709642981114728	.BD4618D5E3A778x13	.844E898A21125x13	.0
	.4043317079100783	.3596123927052422	.C56D76A733096x13	.AF978C910A959x13	.0
	.3253404025757207	.4274788742916213	.9EDB8CE1E67A58x13	.D0BADBFA326C2x13	.0
	7
		1	-1
		-1	2
		-1	-2
		-2	-3
		-3	3
		-3	4
		-2	5
	1
	0
	2
	9 3
	.0422207456708192	.A4ECBEE448662x10
	0
	1
		1	2
	1
	0
	2
	17 2
	.0514720252661579	.C9100677D7CAx10
	0
	1
		1	2
	1
	0
	2
	19 8
	.1017855723617055	.C6CCC94325FB7x11
	0
	1
		1	2
	1
	0
	2
	8 7
	.1050447328379676	.CD2A5DCDA27028x11
	0
	1
		1	2
	1
	0
	2
	15 1
	.1161483103277873	.E2DA27B8D228E8x11
	0
	1
		1	2
	1
	0
	2
	1 4
	.1170385294037822	.E49743C380CD9x11
	0
	1
		1	2
	1
	0
	2
	18 11
	.1289031784324963	.FBC396D6E0444x11
	0
	1
		1	2
	1
	0
	2
	15 5
	.1345156145174232	.835CE75440E2Ex12
	0
	1
		1	2
	1
	0
	2
	13 19
	.1347648393498838	.839B35B7E8934x12
	0
	1
		1	2
	1
	0
	2
	19 18
	.1379308407862432	.86B2B5CF711A78x12
	0
	1
		1	2
	1
	0
	2
	12 14
	.1485156826331818	.9108EBB04315Dx12
	0
	1
		1	2
	1
	0
	2
	14 4
	.1499786984408119	.9276ACB3411758x12
	0
	1
		1	2
	1
	0
	2
	20 6
	.1627858855951584	.9EF878AD9750B8x12
	0
	1
		1	2
	1
	0
	2
	16 10
	.2162389901937206	.D32BBF5F557BBx12
	0
	1
		1	2
	1
	0
	2
	14 16
	.2422430669245252	.EC90C4487DCDC8x12
	0
	1
		1	2
	1
	0
	2
	2 15
	.2659244996610879	.81D88FFD394x13
	0
	1
		1	2
	1
	0
	2
	3 13
	.2872661971429983	.8C44464EFED55x13
	0
	1
		1	2
	1
	0
	2
	10 6
	.2994662022415885	.92394678C35A1x13
	0
	1
		1	2
	1
	0
	2
	12 11
	.3358008392991297	.A3F71ADB89D94x13
	0
	1
		1	2
	1
	0
