0.384257 0.269780 100.000000
0.727907 0.116334 88.600000
0.954580 0.433360 77.700000
0.440631 0.372347 91.500000
0.436158 0.067484 79.300000
0.051382 0.857208 33.500000
0.856338 0.971568 38.600000
0.924014 0.891229 49.200000
0.978131 0.398318 64.900000
0.041680 0.557899 42.100000
0.579463 0.801797 36.200000
0.349718 0.556890 2.700000
0.884294 0.711895 69.000000
0.297700 0.417782 5.900000
0.474343 0.196466 76.300000
0.067232 0.343175 92.600000
0.733891 0.065211 54.000000
0.707842 0.790184 42.600000
0.837164 0.838150 17.200000
0.152567 0.984726 73.600000
