V3

2
20
3.126775574652088 .BED7DE4C7198D8x16
6
0 .0
Linux Superboy 5.15.167.4-microsoft-standard-WSL2 #1 SMP Tue Nov 5 00:21:55 UTC 2024 x86_64
0
40
	.4588350000000000	.2373240000000000	.E00A6x13	.E7C3x12	100.000000000000000
	.1270640000000000	.3509960000000000	.F82Cx11	.AB628x13	95.000000000000000
	.1544540000000000	.4808220000000000	.96D58x12	.EAC6Cx13	95.000000000000000
	.9474030000000000	.1441120000000000	.E74CBx14	.8CBCx12	76.500000000000000
	.2867390000000000	.0565890000000000	.8C026x13	.DD0Dx10	95.000000000000000
	.1326890000000000	.1166050000000000	.81944x12	.E3BE8x11	58.500000000000000
	.6273950000000000	.2122140000000000	.992C3x14	.CF3D8x12	53.600000000000001
	.0794880000000000	.7970990000000000	.9B4x11	.C29ABx14	64.200000000000003
	.0327480000000000	.8803250000000000	.FFD8xF	.D6EC5x14	79.900000000000006
	.3110550000000000	.8689670000000000	.97E1Ex13	.D4267x14	87.100000000000009
	.0916180000000000	.0221720000000000	.B2F1x11	.AD38xF	61.200000000000003
	.3600710000000000	.6382240000000000	.AFD0Ex13	.9BD1x14	27.700000000000003
	.7197120000000000	.7181670000000000	.AFB6x14	.AF557x14	44.000000000000000
	.4424420000000000	.1450340000000000	.D8094x13	.8DA28x12	30.900000000000002
	.9983770000000000	.5729870000000000	.F3BE9x14	.8BE3Bx14	51.300000000000004
	.9654920000000000	.1935700000000000	.EBB74x14	.BD088x12	77.600000000000009
	.1600100000000000	.4187950000000000	.9C428x12	.CC7D6x13	79.000000000000000
	.2909450000000000	.9620800000000000	.8E102x13	.EAE2x14	87.600000000000009
	.3330000000000000	.9414120000000000	.A299x13	.E5D64x14	62.200000000000003
	.9512590000000000	.5074670000000000	.E83DBx14	.F7C96x13	48.600000000000001
	 1 1 1 1 1 1 1 1 1 1
	 1 1 1 1 1 1 1 1 1 1
	3
	6 2 5
	.3989911004029960	.C2D1E33680581x13
	1
	.1445130821699671	.1247039303360389	.8D20454245D26x12	.F38FF7154056Ex11	.0
	3
		1	-1
		-1	2
		-1	3
	1
	0
	3
	11 6 5
	.2608897120700854	.FEC66D928E686x12
	1
	.1443059359311148	.0834614521137955	.8CEC7BE64B9E7x12	.A302B9DEDD67x11	.0
	3
		1	-1
		-1	2
		-1	3
	1
	0
	3
	14 1 7
	.2567730569529756	.FAC143A51E17Fx12
	1
	.4767008182741058	.2081993675729823	.E8C39A2F4D2D78x13	.CB51D78650D48x12	.0
	3
		1	-1
		-1	2
		-1	3
	1
	0
	3
	16 4 7
	.3765415565604673	.B7DBB1CF57E5Bx13
	1
	.9403396951594272	.1625324412900069	.E5933B1F5F7DD8x14	.9EB91C3E1871x12	.0
	3
		1	-1
		-1	2
		-1	3
	1
	0
	3
	20 4 7
	.6460844621680886	.9DBC47650A5DAx14
	1
	.8574023345007501	.2520422882870858	.D153A55A1D7568x14	.F62292734BAD7x12	.0
	3
		1	-1
		-1	2
		-1	3
	1
	0
	3
	12 3 8
	.5209730197703475	.FE61A0A1F56C8x13
	1
	.2133124631943340	.6200039491809023	.D0501DA4F9D91x12	.975E3F2FD85058x14	.0
	3
		1	-1
		-1	2
		-1	3
	1
	0
	3
	10 8 9
	.3345751818544773	.A35DE5D1C07B18x13
	1
	.0870001825644311	.8205038387157132	.A9EC175E4572Ax11	.C8517D6B612AFx14	.0
	3
		1	-1
		-1	2
		-1	3
	1
	0
	3
	12 3 10
	.4944484568841605	.F16E0E9ECB87Fx13
	1
	.3494442687003079	.6421744808292925	.AAA08899316368x13	.9CC7E7B17A0E68x14	.0
	3
		1	-1
		-1	2
		-1	3
	1
	0
	3
	12 8 10
	.4559055190313228	.DE9C309BE793A8x13
	1
	.2690855575001165	.7966605056959128	.8363B1D70A7C08x13	.C27F48175498F8x14	.0
	3
		1	-1
		-1	2
		-1	3
	1
	0
	3
	13 12 10
	.5840204991390816	.8E9547FC7943x14
	1
	.4028145977864282	.7143572517941851	.C4AFD3211100Fx13	.AE6754075956E8x14	.0
	3
		1	-1
		-1	2
		-1	3
	1
	0
	3
	20 13 15
	.3809182443219656	.B9FEC7D17C4C88x13
	1
	.9552747891097904	.5529317714330353	.E938ACA031967x14	.86FE3C57CA2AAx14	.0
	3
		1	-1
		-1	2
		-1	3
	1
	0
	3
	20 16 7
	.6213577808898023	.97B2DC7E864E3x14
	1
	.8851969046003327	.2766323250843521	.D81CCE793E32Dx14	.87130A67174CAx13	.0
	3
		1	-1
		-1	2
		-1	3
	1
	0
	3
	19 10 18
	.1206757193945268	.EBB1DC151EAEDx11
	1
	.3218119651719343	.9371107097631939	.9D227EE2B040Ax13	.E4C96B5B30A6Ax14	.0
	3
		1	-1
		-1	2
		-1	3
	1
	0
	4
	12 8 9 10
	.5513544769013638	.869BA7A163531x14
	2
	.2691821808321019	.7971017022940847	.836FC5C960678x13	.C29ADB3C98B8Ex14	.0
	.0799274510536986	.7978532191194385	.9C1BB9BC20AA2x11	.C2C9D381836268x14	.0
	5
		1	-1
		-1	-2
		-2	2
		-2	3
		-1	4
	1
	0
	4
	19 10 8 9
	.4102626786408974	.C852D5B76D1D88x13
	2
	.3102648355450162	.8698329795372926	.977F1ABCC8E6E8x13	.D45C8FAC2F4BDx14	.0
	.0870277887487768	.8208371477579273	.A9F9E4F5B84CAx11	.C866525D376A98x14	.0
	5
		1	-1
		-1	2
		-1	-2
		-2	3
		-2	4
	1
	0
	4
	19 10 8 18
	.3629626534628120	.B13A54E92AD7D8x13
	2
	.3194361867867058	.9368735006887471	.9BF985FA281D2x13	.E4BA9802D23428x14	.0
	.3064498531746201	.8730412293801645	.95A23B4D34DC7x13	.D52513AB8A891x14	.0
	5
		1	-1
		-1	-2
		-2	2
		-2	3
		-1	4
	1
	0
	4
	12 3 8 10
	.7022444030733564	.AB724672FD0C4x14
	2
	.2867559325523271	.6488171361937943	.8C047DD777FA6x13	.9E67122DD98B48x14	.0
	.2365810072238877	.7744009697239849	.E70940765B2E6x12	.BD100F83FD4C18x14	.0
	5
		1	-1
		-1	2
		-1	-2
		-2	3
		-2	4
	1
	0
	4
	20 16 4 7
	.6738945415154208	.A48668AA0C12Fx14
	2
	.8832017445065662	.2746102892340642	.D7A01BE97FB798x14	.8616494167CBD8x13	.0
	.9615791907401215	.1926155889708145	.EAC2B30D45838x14	.BC19E5B1B2A4Cx12	.0
	5
		1	-1
		-1	-2
		-2	2
		-2	3
		-1	4
	1
	0
	4
	20 16 7 13
	.9339940217715937	.E406A0592D2BBx14
	2
	.9364105593153684	.5034164313397794	.E49DA8F2F4ABF8x14	.F5CF0DCD8914Cx13	.0
	.8777609646143913	.2805123857626598	.D64C0F6F0F8x14	.88F80C582AEF08x13	.0
	5
		1	-1
		-1	-2
		-2	2
		-2	3
		-1	4
	1
	0
	5
	19 10 8 9 18
	.4541999057581222	.DDC6FCFBF8752x13
	3
	.3157003673427486	.9369247973598027	.9A268BC1459478x13	.E4BDCCC1FC5A4x14	.0
	.3000101940451484	.8801901956839585	.927D46359E2BD8x13	.D6E3E3218580A8x14	.0
	.0872018247107071	.8249916665791630	.AA50E9901ED5Ex11	.C969FAAA4EE998x14	.0
	7
		1	-1
		-1	-2
		-2	2
		-2	-3
		-3	3
		-3	4
		-1	5
	1
	0
	5
	20 16 4 7 13
	.9864391442694108	.F0D4724EED7118x14
	3
	.9346545514704401	.5030260596239182	.E42FE8D2D2AB1x14	.F59E41E8706B6x13	.0
	.8743159763680044	.2782542139644725	.D574BF9F340E8x14	.87DDC6D8CC0588x13	.0
	.9603074535474138	.1921833678795793	.EA733741BAEED8x14	.BBADD78B56CA8x12	.0
	7
		1	-1
		-1	-2
		-2	-3
		-3	2
		-3	3
		-2	4
		-1	5
	1
	0
	2
	19 18
	.0468592493431126	.B70B3FD4F34228x10
	0
	1
		1	2
	1
	0
	2
	16 4
	.0526621845824876	.CDB62F40CC43Ex10
	0
	1
		1	2
	1
	0
	2
	17 3
	.0622753391399838	.F34356D1E0C34x10
	0
	1
		1	2
	1
	0
	2
	17 2
	.0753799928163965	.9339FF149B912x11
	0
	1
		1	2
	1
	0
	2
	19 10
	.0756958456587942	.93D7EC3E8C207x11
	0
	1
		1	2
	1
	0
	2
	15 20
	.0807030131036010	.9D9F81AD60F8Fx11
	0
	1
		1	2
	1
	0
	2
	1 14
	.0937345963292102	.B7134C5483FBEx11
	0
	1
		1	2
	1
	0
	2
	9 8
	.0954525781527141	.BA6E4A00E87BA8x11
	0
	1
		1	2
	1
	0
	2
	6 11
	.1029777574527625	.C920E0F4364DC8x11
	0
	1
		1	2
	1
	0
	2
	5 6
	.1653279249128833	.A173FB31C5CE7x12
	0
	1
		1	2
	1
	0
	2
	7 1
	.1704200272855276	.A66D01BF0BCC4x12
	0
	1
		1	2
	1
	0
	2
	14 5
	.1790696574911562	.AEDF6A1455C958x12
	0
	1
		1	2
	1
	0
	2
	6 2
	.2344584856771023	.E4F69F155569Cx12
	0
	1
		1	2
	1
	0
	2
	12 10
	.2358917130909858	.E65CEDA3485FD8x12
	0
	1
		1	2
	1
	0
	2
	10 8
	.2424629557540697	.ECC7BD2B131E3x12
	0
	1
		1	2
	1
	0
	2
	3 12
	.2589473697356279	.FCE0D7A9BF9F88x12
	0
	1
		1	2
	1
	0
	2
	20 13
	.3130630978077742	.98DCE3213DC4Fx13
	0
	1
		1	2
	1
	0
	2
	16 20
	.3142195170545585	.996D708BB60068x13
	0
	1
		1	2
	1
	0
	2
	4 7
	.3271742692633392	.9FC0C89DCE268x13
	0
	1
		1	2
	1
	0
